0.0001002439
0.0002043520
0.0017871394
0.0025325042
0.0029118939
0.0085696447
0.0098675299
0.0119227614
0.0145900290
0.0163974094
0.0195269943
0.0209579341
0.0215925089
0.0218580506
0.0226664505
0.0241208024
0.0280411658
0.0297402539
0.0304168901
0.0305067151
0.0311656099
0.0315434931
0.0315608394
0.0318607423
0.0326321314
0.0358089644
0.0359471553
0.0372342663
0.0381965784
0.0395299915
0.0414307160
0.0423642371
0.0446923184
0.0447476394
0.0455498298
0.0459735485
0.0461468462
0.0464254677
0.0474133718
0.0488880829
0.0500941787
0.0511984151
0.0514980318
0.0521973970
0.0531152839
0.0532268257
0.0543177944
0.0561702091
0.0568021529
0.0572278625
0.0573778754
0.0598615798
0.0605712235
0.0606591423
0.0639522602
0.0644660348
0.0659997820
0.0667045613
0.0699500452
0.0715550416
0.0731323953
0.0751925399
0.0770740971
0.0776000204
0.0805310410
0.0807576932
0.0845588611
0.0862479770
0.0873369262
0.0878381076
0.0878971733
0.0889828613
0.0891027393
0.0893399602
0.0906474668
0.0907863325
0.0908763062
0.0931987723
0.0936673990
0.0949673188
0.0971839307
0.0975985439
0.0989117562
0.0997071599
0.0997576772
0.1018386076
0.1033340751
0.1039920185
0.1065186818
0.1078832838
0.1089470570
0.1093267996
0.1098738861
0.1119420306
0.1121021212
0.1123486176
0.1144009916
0.1157258592
0.1207695589
0.1215329702
0.1219706189
0.1221777123
0.1224658930
0.1225800774
0.1245927122
0.1251469418
0.1253650974
0.1257369265
0.1273201773
0.1273903426
0.1281735996
0.1292161730
0.1299887705
0.1341558077
0.1344405948
0.1355860912
0.1373755172
0.1381247696
0.1382110500
0.1386454919
0.1387942829
0.1396370634
0.1396371667
0.1398185861
0.1403897553
0.1404564298
0.1405756224
0.1406169681
0.1412638168
0.1427076862
0.1431773854
0.1444961451
0.1451770123
0.1460602522
0.1463175128
0.1465122415
0.1491469905
0.1531593555
0.1533914933
0.1541316067
0.1548131275
0.1553210642
0.1564580843
0.1567198832
0.1568668670
0.1576216103
0.1577423224
0.1582804616
0.1600028205
0.1607746548
0.1617714436
0.1627126255
0.1630224671
0.1640701748
0.1643532461
0.1651113301
0.1666031564
0.1666108550
0.1671739310
0.1682143211
0.1689681300
0.1709612889
0.1710066609
0.1730460090
0.1737108130
0.1747257207
0.1750895697
0.1756607164
0.1758470258
0.1822433824
0.1837626285
0.1860665999
0.1874290516
0.1896583829
0.1911343981
0.1932078634
0.1933715568
0.1934318315
0.1960436861
0.1997644137
0.1999432923
0.2011082821
0.2012089343
0.2021165893
0.2023501868
0.2035633527
0.2036137016
0.2039575511
0.2050094709
0.2052640105
0.2058460742
0.2062991935
0.2070038902
0.2077209518
0.2088944214
0.2097892461
0.2117643849
0.2149886645
0.2152469575
0.2157359269
0.2159752029
0.2160857954
0.2163267475
0.2169668911
0.2184270241
0.2194723883
0.2203494039
0.2204974268
0.2214152742
0.2222019205
0.2256535396
0.2264832941
0.2272442647
0.2272489947
0.2284786549
0.2286942356
0.2290238418
0.2298798979
0.2308309156
0.2308355685
0.2313250918
0.2317103806
0.2336229019
0.2350802648
0.2352489750
0.2357686744
0.2383966287
0.2391169068
0.2391239381
0.2415854124
0.2417262685
0.2420990434
0.2434790337
0.2444697971
0.2450587842
0.2452461007
0.2452927584
0.2461754464
0.2480971839
0.2489100666
0.2505399001
0.2510823593
0.2514674846
0.2515829832
0.2546944071
0.2549017191
0.2549146522
0.2565719736
0.2584366959
0.2586257083
0.2606903867
0.2608360341
0.2610586719
0.2617994475
0.2628409291
0.2634862194
0.2642084072
0.2644380603
0.2650879361
0.2677052127
0.2678968047
0.2685158563
0.2687320442
0.2692849493
0.2709849596
0.2717387973
0.2721707426
0.2733475066
0.2735963144
0.2740667940
0.2762681575
0.2785332041
0.2795280736
0.2795573133
0.2813340837
0.2814307701
0.2826740131
0.2843433515
0.2856286426
0.2858088712
0.2866992855
0.2867670586
0.2878715837
0.2884770585
0.2887071826
0.2895411895
0.2910011743
0.2914359170
0.2916363238
0.2935105494
0.2966102875
0.2987877976
0.2993891174
0.2995023847
0.3021252962
0.3029004492
0.3032249014
0.3041919292
0.3044903760
0.3045079938
0.3054512664
0.3059562236
0.3061009487
0.3069987337
0.3072757807
0.3073432226
0.3074975235
0.3085762133
0.3085764025
0.3085994850
0.3090876226
0.3111227934
0.3128415985
0.3154335320
0.3191274171
0.3199449435
0.3205376771
0.3227863889
0.3235195219
0.3255946677
0.3260537656
0.3262524184
0.3275329898
0.3300339140
0.3303292663
0.3305358327
0.3345090931
0.3350317200
0.3370643733
0.3372858457
0.3385044336
0.3388890776
0.3390874590
0.3403165164
0.3417435248
0.3420453999
0.3428438260
0.3439076874
0.3464428268
0.3469087809
0.3477713573
0.3490176240
0.3490961698
0.3492926254
0.3493272189
0.3494888617
0.3544409809
0.3546932472
0.3551552522
0.3552587541
0.3556237866
0.3560240823
0.3561338894
0.3577489517
0.3586053681
0.3586519549
0.3587385008
0.3595154193
0.3602505189
0.3614413830
0.3617732755
0.3626078935
0.3632225530
0.3648073117
0.3654918018
0.3662315047
0.3664577229
0.3690954475
0.3691191356
0.3707278389
0.3708796312
0.3731240570
0.3734414769
0.3739138035
0.3744264606
0.3766961761
0.3771725637
0.3776550902
0.3779801767
0.3781124376
0.3791551141
0.3799125302
0.3815601352
0.3834880581
0.3838258805
0.3844383360
0.3844475259
0.3852193060
0.3854758829
0.3873819911
0.3883250903
0.3900180790
0.3909503001
0.3914656274
0.3917672288
0.3920663283
0.3945209466
0.3945897831
0.3950026620
0.3960351362
0.3962404000
0.3969904677
0.3972582673
0.3979837175
0.3989712555
0.4019869159
0.4022899160
0.4024526108
0.4028669244
0.4029701185
0.4033568512
0.4036414351
0.4041875197
0.4042316990
0.4043780610
0.4049306505
0.4067483239
0.4077640137
0.4107635373
0.4108921635
0.4112135213
0.4119929665
0.4122411810
0.4139217308
0.4139517816
0.4149111891
0.4156940743
0.4157204452
0.4176211037
0.4179632707
0.4189009929
0.4194214911
0.4204121747
0.4204122984
0.4218355867
0.4237695290
0.4239758184
0.4244126442
0.4252100028
0.4252936705
0.4255607992
0.4279956846
0.4286255324
0.4294132659
0.4325676762
0.4327682199
0.4331237368
0.4331583075
0.4332069121
0.4332541102
0.4341487709
0.4360081484
0.4362563266
0.4371268751
0.4371958204
0.4386777550
0.4386932702
0.4399228253
0.4404745907
0.4424769297
0.4426268001
0.4436147347
0.4449332008
0.4459615847
0.4462641674
0.4479916140
0.4510545492
0.4537458713
0.4543104847
0.4545804083
0.4558370477
0.4558506490
0.4563550215
0.4568909028
0.4572939250
0.4578993062
0.4593611795
0.4632056720
0.4637643003
0.4639398352
0.4653881673
0.4660715606
0.4683214332
0.4700487778
0.4704159398
0.4713237866
0.4756726832
0.4761488732
0.4766787772
0.4774743532
0.4775761641
0.4784658764
0.4788996378
0.4796301849
0.4814203632
0.4829533196
0.4838949825
0.4846610954
0.4849762472
0.4852207399
0.4865529656
0.4881885962
0.4882089460
0.4903060257
0.4931006015
0.4934251065
0.4937464419
0.4937610461
0.4945013487
0.4963469053
0.4965742499
0.4973747290
0.4973760837
0.4975329926
0.4979679671
0.4981701107
0.5004383232
0.5018229051
0.5031419291
0.5067773629
0.5067913458
0.5098955165
0.5106127468
0.5114532947
0.5114671424
0.5119816781
0.5120456509
0.5120569894
0.5130768546
0.5139257995
0.5146322699
0.5196235336
0.5244491684
0.5250820074
0.5262834108
0.5267656119
0.5274375815
0.5294254097
0.5298954468
0.5299708418
0.5302025022
0.5304098037
0.5309083465
0.5314905297
0.5316197571
0.5324490359
0.5327385864
0.5329369615
0.5332863972
0.5358980501
0.5370059291
0.5374833417
0.5378604225
0.5382860237
0.5396297113
0.5411721060
0.5414343808
0.5427765236
0.5432897682
0.5448138381
0.5455613828
0.5480556134
0.5485678472
0.5486854000
0.5495814661
0.5510158962
0.5522703003
0.5525311634
0.5533680003
0.5541979595
0.5542140486
0.5548401548
0.5556883439
0.5564855812
0.5584224649
0.5587852577
0.5622816277
0.5631644572
0.5637577721
0.5639909535
0.5646953952
0.5658880148
0.5667697880
0.5682230302
0.5700408882
0.5703197204
0.5707486488
0.5729182653
0.5748999088
0.5760568642
0.5765847005
0.5773761876
0.5775924671
0.5784941309
0.5804191626
0.5806182197
0.5812904331
0.5815087159
0.5848851896
0.5852581988
0.5858380014
0.5874338386
0.5881907720
0.5884678142
0.5888313904
0.5908789019
0.5914059788
0.5918309139
0.5929432887
0.5933285080
0.5934588911
0.5936104108
0.5949423034
0.5951369240
0.5975628641
0.5981380133
0.5987080284
0.5996093251
0.5999999093
0.6001657024
0.6001789260
0.6003434103
0.6006063883
0.6017716045
0.6026280877
0.6028875995
0.6029191598
0.6052043770
0.6066751952
0.6089468736
0.6099273594
0.6135743973
0.6139884696
0.6143756907
0.6149263782
0.6156368425
0.6158479708
0.6163594642
0.6213364944
0.6264585717
0.6278604204
0.6282205146
0.6300413623
0.6304824518
0.6309909348
0.6314180043
0.6314724612
0.6318226322
0.6348362332
0.6357143835
0.6367494061
0.6384191036
0.6385456967
0.6397195972
0.6448980542
0.6449109470
0.6467337841
0.6490690042
0.6504121850
0.6508202803
0.6512437110
0.6514128316
0.6526239028
0.6529543323
0.6534996690
0.6546088232
0.6566139842
0.6571632074
0.6576683206
0.6592089748
0.6598395879
0.6599538942
0.6616474651
0.6625054892
0.6632243772
0.6635261356
0.6643086360
0.6648230821
0.6651817730
0.6652771116
0.6694627018
0.6711677039
0.6711750636
0.6713949691
0.6735959946
0.6739032186
0.6749078711
0.6750169741
0.6754657867
0.6756704027
0.6765522566
0.6798353210
0.6808886038
0.6809805147
0.6816323255
0.6820293256
0.6822286917
0.6828028250
0.6830301944
0.6834070306
0.6862180310
0.6865190998
0.6865319168
0.6867542557
0.6869103047
0.6870339265
0.6871308333
0.6875570533
0.6881417543
0.6893126777
0.6906542939
0.6919486110
0.6934321224
0.6942526397
0.6950427339
0.6978067246
0.6982120522
0.7003726242
0.7007951423
0.7021852989
0.7023182684
0.7023318889
0.7032446967
0.7032828714
0.7054541649
0.7066503850
0.7068921648
0.7074230976
0.7077650868
0.7085635008
0.7093297185
0.7094077530
0.7100271685
0.7101465437
0.7104415385
0.7136682576
0.7137362287
0.7139311354
0.7140983154
0.7141075732
0.7149648882
0.7167433305
0.7190695522
0.7220468866
0.7223568991
0.7265037707
0.7265621319
0.7274317510
0.7282754637
0.7294298428
0.7302019597
0.7312460673
0.7335466001
0.7345943911
0.7350181024
0.7372497030
0.7375162860
0.7375296082
0.7378129325
0.7394455679
0.7402155136
0.7406978774
0.7412292009
0.7416885133
0.7422359542
0.7436129453
0.7452571319
0.7456372275
0.7461072781
0.7481976144
0.7496184389
0.7502616706
0.7514656953
0.7515389610
0.7518356109
0.7527836866
0.7556573143
0.7569817559
0.7571443134
0.7609822226
0.7613118888
0.7628011401
0.7637766126
0.7644245896
0.7657002915
0.7661655767
0.7681875338
0.7694528452
0.7697067483
0.7699189119
0.7700918033
0.7716061968
0.7736029827
0.7763953763
0.7770305410
0.7773170561
0.7777639263
0.7804141497
0.7818369815
0.7829675039
0.7840039899
0.7857006594
0.7871209987
0.7876512149
0.7910322945
0.7937844854
0.7940989319
0.7941262950
0.7956174354
0.7958979559
0.7963641343
0.7986420641
0.7987801529
0.8001772853
0.8002459373
0.8030302117
0.8046516203
0.8047043475
0.8050392513
0.8063550254
0.8066218752
0.8069119415
0.8073517226
0.8074357658
0.8101500815
0.8145218691
0.8148607125
0.8153853881
0.8176529887
0.8182666071
0.8191485790
0.8201266673
0.8208289949
0.8211352246
0.8228340822
0.8235797574
0.8236470251
0.8236888104
0.8252886293
0.8258961939
0.8262347176
0.8265492189
0.8268336344
0.8286752489
0.8293341683
0.8302247820
0.8304295367
0.8305665338
0.8325387910
0.8326718791
0.8342794361
0.8346667281
0.8357528981
0.8359817938
0.8361001708
0.8365377068
0.8367320449
0.8368636385
0.8376426268
0.8379380550
0.8412684778
0.8430429282
0.8447696667
0.8467033465
0.8487835505
0.8498088092
0.8533246943
0.8534858007
0.8540506153
0.8555954918
0.8571700710
0.8578227630
0.8595475462
0.8602644678
0.8614681654
0.8617239629
0.8617510894
0.8656065053
0.8675989181
0.8680782312
0.8682378788
0.8686987544
0.8703731867
0.8705376675
0.8706481848
0.8707488238
0.8718286950
0.8724108083
0.8748516271
0.8761459227
0.8770647773
0.8779964325
0.8785238487
0.8805664597
0.8833570355
0.8872118727
0.8892267065
0.8892406300
0.8907055454
0.8926475462
0.8935991464
0.8944051496
0.8982191961
0.8985726299
0.8993520305
0.9007169042
0.9023073030
0.9025377086
0.9035213542
0.9060629481
0.9063953882
0.9070796387
0.9072978065
0.9086705372
0.9100090869
0.9113576894
0.9121381909
0.9131486127
0.9139081624
0.9163021119
0.9188159807
0.9188393650
0.9194419340
0.9198855566
0.9200666178
0.9204034379
0.9234524049
0.9240409460
0.9241668818
0.9254868417
0.9260672153
0.9266452445
0.9266758468
0.9286276045
0.9298337765
0.9299922687
0.9316413103
0.9334175448
0.9351973401
0.9354321850
0.9358435932
0.9371369104
0.9377189671
0.9381400683
0.9391717235
0.9395893579
0.9403775003
0.9429625914
0.9440118387
0.9440335468
0.9442300011
0.9445359638
0.9455035103
0.9461182149
0.9462972187
0.9469940999
0.9478866778
0.9492016635
0.9495574313
0.9508411123
0.9515673056
0.9528307330
0.9528440172
0.9564819971
0.9572198131
0.9579589661
0.9603539459
0.9605061187
0.9653452666
0.9664975353
0.9667766855
0.9670936650
0.9677027570
0.9679321800
0.9686009923
0.9687258647
0.9698594291
0.9707737796
0.9708444992
0.9718782322
0.9722922032
0.9740362200
0.9776746246
0.9802212331
0.9815842508
0.9816594586
0.9855531297
0.9879259418
0.9881882862
0.9892192640
0.9895297037
0.9899757796
0.9901482740
0.9907792138
0.9934014342
0.9939026248
0.9940769345
0.9976051496
0.9984117290
0.9995643468
