1.0024390000e-04 0.0000000000e+00
2.0435200000e-04 2.0431024026e-04
1.7871394000e-03 1.7839455328e-03
2.5325042000e-03 2.5260906225e-03
2.9118939000e-03 2.9034147739e-03
8.5696447000e-03 8.4962058897e-03
9.8675299000e-03 9.7701617537e-03
1.1922761400e-02 1.1780609161e-02
1.4590029000e-02 1.4377160054e-02
1.6397409400e-02 1.6128534365e-02
1.9526994300e-02 1.9145690794e-02
2.0957934100e-02 2.0518699098e-02
2.1592508900e-02 2.1126272459e-02
2.1858050600e-02 2.1380276224e-02
2.2666450500e-02 2.2152682522e-02
2.4120802400e-02 2.3538989292e-02
2.8041165800e-02 2.7254858821e-02
2.9740253900e-02 2.8855771198e-02
3.0416890100e-02 2.9491702897e-02
3.0506715100e-02 2.9576055434e-02
3.1165609900e-02 3.0194314660e-02
3.1543493100e-02 3.0548501143e-02
3.1560839400e-02 3.0564752816e-02
3.1860742300e-02 3.0845635400e-02
3.2632131400e-02 3.1567275400e-02
3.5808964400e-02 3.4526682469e-02
3.5947155300e-02 3.4654957326e-02
3.7234266300e-02 3.5847875713e-02
3.8196578400e-02 3.6737599799e-02
3.9529991500e-02 3.7967371272e-02
4.1430716000e-02 3.9714211772e-02
4.2364237100e-02 4.0569508515e-02
4.4692318400e-02 4.2694915076e-02
4.4747639400e-02 4.2745288168e-02
4.5549829800e-02 4.3475042805e-02
4.5973548500e-02 4.3859981338e-02
4.6146846200e-02 4.4017314786e-02
4.6425467700e-02 4.4270143649e-02
4.7413371800e-02 4.5165343975e-02
4.8888082900e-02 4.6498038250e-02
5.0094178700e-02 4.7584751960e-02
5.1198415100e-02 4.8577137391e-02
5.1498031800e-02 4.8845984521e-02
5.2197397000e-02 4.9472828746e-02
5.3115283900e-02 5.0294050516e-02
5.3226825700e-02 5.0393730726e-02
5.4317794400e-02 5.1367371612e-02
5.6170209100e-02 5.3015116710e-02
5.6802152900e-02 5.3575668326e-02
5.7227862500e-02 5.3952834254e-02
5.7377875400e-02 5.4085654815e-02
5.9861579800e-02 5.6278171064e-02
6.0571223500e-02 5.6902350384e-02
6.0659142300e-02 5.6979610755e-02
6.3952260200e-02 5.9862368615e-02
6.4466034800e-02 6.0310165157e-02
6.5999782000e-02 6.1643810776e-02
6.6704561300e-02 6.2255062802e-02
6.9950045200e-02 6.5057036377e-02
7.1555041600e-02 6.6434917622e-02
7.3132395300e-02 6.7784048058e-02
7.5192539900e-02 6.9538621843e-02
7.7074097100e-02 7.1133680656e-02
7.7600020400e-02 7.1578257234e-02
8.0531041000e-02 7.4045792435e-02
8.0757693200e-02 7.4235888189e-02
8.4558861100e-02 7.7408660109e-02
8.6247977000e-02 7.8809263463e-02
8.7336926200e-02 7.9709187522e-02
8.7838107600e-02 8.0122574453e-02
8.7897173300e-02 8.0171260226e-02
8.8982861300e-02 8.1064911695e-02
8.9102739300e-02 8.1163441149e-02
8.9339960200e-02 8.1358331711e-02
9.0647466800e-02 8.2430503563e-02
9.0786332500e-02 8.2544174331e-02
9.0876306200e-02 8.2617803171e-02
9.3198772300e-02 8.4512761142e-02
9.3667399000e-02 8.4893817365e-02
9.4967318800e-02 8.5948527160e-02
9.7183930700e-02 8.7739214314e-02
9.7598543900e-02 8.8073068129e-02
9.8911756200e-02 8.9128220685e-02
9.9707159900e-02 8.9765642165e-02
9.9757677200e-02 8.9806083040e-02
1.0183860760e-01 9.1467505602e-02
1.0333407510e-01 9.2656144023e-02
1.0399201850e-01 9.3177678588e-02
1.0651868180e-01 9.5172452228e-02
1.0788328380e-01 9.6244480877e-02
1.0894705700e-01 9.7077595771e-02
1.0932679960e-01 9.7374450489e-02
1.0987388610e-01 9.7801615253e-02
1.1194203060e-01 9.9411012385e-02
1.1210212120e-01 9.9535235622e-02
1.1234861760e-01 9.9726405723e-02
1.1440099160e-01 1.0131340472e-01
1.1572585920e-01 1.0233338471e-01
1.2076955890e-01 1.0618427254e-01
1.2153297020e-01 1.0676270735e-01
1.2197061890e-01 1.0709378703e-01
1.2217771230e-01 1.0725031892e-01
1.2246589300e-01 1.0746799805e-01
1.2258007740e-01 1.0755420202e-01
1.2459271220e-01 1.0906936827e-01
1.2514694180e-01 1.0948518476e-01
1.2536509740e-01 1.0964868975e-01
1.2573692650e-01 1.0992715181e-01
1.2732017730e-01 1.1110974975e-01
1.2739034260e-01 1.1116204321e-01
1.2817359960e-01 1.1174512797e-01
1.2921617300e-01 1.1251935364e-01
1.2998877050e-01 1.1309169004e-01
1.3415580770e-01 1.1615802696e-01
1.3444059480e-01 1.1636632127e-01
1.3558609120e-01 1.1720250307e-01
1.3737551720e-01 1.1850348447e-01
1.3812476960e-01 1.1904631762e-01
1.3821105000e-01 1.1910875566e-01
1.3864549190e-01 1.1942291948e-01
1.3879428290e-01 1.1953042993e-01
1.3963706340e-01 1.2013855393e-01
1.3963716670e-01 1.2013862838e-01
1.3981858610e-01 1.2026934908e-01
1.4038975530e-01 1.2068047191e-01
1.4045642980e-01 1.2072842113e-01
1.4057562240e-01 1.2081411679e-01
1.4061696810e-01 1.2084383638e-01
1.4126381680e-01 1.2130835086e-01
1.4270768620e-01 1.2234220250e-01
1.4317738540e-01 1.2267762171e-01
1.4449614510e-01 1.2361700915e-01
1.4517701230e-01 1.2410064740e-01
1.4606025220e-01 1.2472665493e-01
1.4631751280e-01 1.2490869825e-01
1.4651224150e-01 1.2504640459e-01
1.4914699050e-01 1.2690216572e-01
1.5315935550e-01 1.2970156732e-01
1.5339149330e-01 1.2986254308e-01
1.5413160670e-01 1.3037505452e-01
1.5481312750e-01 1.3084602305e-01
1.5532106420e-01 1.3119643122e-01
1.5645808430e-01 1.3197895216e-01
1.5671988320e-01 1.3215876141e-01
1.5686686700e-01 1.3225965304e-01
1.5762161030e-01 1.3277703827e-01
1.5774232240e-01 1.3285968212e-01
1.5828046160e-01 1.3322775708e-01
1.6000282050e-01 1.3440191793e-01
1.6077465480e-01 1.3492616517e-01
1.6177144360e-01 1.3560144364e-01
1.6271262550e-01 1.3623722700e-01
1.6302246710e-01 1.3644614232e-01
1.6407017480e-01 1.3715115254e-01
1.6435324610e-01 1.3734125660e-01
1.6511133010e-01 1.3784957877e-01
1.6660315640e-01 1.3884654468e-01
1.6661085500e-01 1.3885167800e-01
1.6717393100e-01 1.3922680779e-01
1.6821432110e-01 1.3991826328e-01
1.6896813000e-01 1.4041790104e-01
1.7096128890e-01 1.4173352660e-01
1.7100666090e-01 1.4176338283e-01
1.7304600900e-01 1.4310108777e-01
1.7371081300e-01 1.4353536645e-01
1.7472572070e-01 1.4419664323e-01
1.7508956970e-01 1.4443321228e-01
1.7566071640e-01 1.4480402911e-01
1.7584702580e-01 1.4492484932e-01
1.8224338240e-01 1.4903073197e-01
1.8376262850e-01 1.4999392487e-01
1.8606659990e-01 1.5144582030e-01
1.8742905160e-01 1.5229940222e-01
1.8965838290e-01 1.5368808070e-01
1.9113439810e-01 1.5460203996e-01
1.9320786340e-01 1.5587858492e-01
1.9337155680e-01 1.5597899782e-01
1.9343183150e-01 1.5601595806e-01
1.9604368610e-01 1.5761055924e-01
1.9976441370e-01 1.5985859272e-01
1.9994329230e-01 1.5996597216e-01
2.0110828210e-01 1.6066374097e-01
2.0120893430e-01 1.6072389906e-01
2.0211658930e-01 1.6126547363e-01
2.0235018680e-01 1.6140458870e-01
2.0356335270e-01 1.6212531414e-01
2.0361370160e-01 1.6215516212e-01
2.0395755110e-01 1.6235886845e-01
2.0500947090e-01 1.6298058774e-01
2.0526401050e-01 1.6313069649e-01
2.0584607420e-01 1.6347346794e-01
2.0629919350e-01 1.6373983626e-01
2.0700389020e-01 1.6415327964e-01
2.0772095180e-01 1.6457295798e-01
2.0889442140e-01 1.6525754211e-01
2.0978924610e-01 1.6577771832e-01
2.1176438490e-01 1.6692023019e-01
2.1498866450e-01 1.6876853864e-01
2.1524695750e-01 1.6891570479e-01
2.1573592690e-01 1.6919393674e-01
2.1597520290e-01 1.6932991463e-01
2.1608579540e-01 1.6939272443e-01
2.1632674750e-01 1.6952948582e-01
2.1696689110e-01 1.6989225927e-01
2.1842702410e-01 1.7071665924e-01
2.1947238830e-01 1.7130425907e-01
2.2034940390e-01 1.7179554410e-01
2.2049742680e-01 1.7187831157e-01
2.2141527420e-01 1.7239055055e-01
2.2220192050e-01 1.7282822703e-01
2.2565353960e-01 1.7473401967e-01
2.2648329410e-01 1.7518861159e-01
2.2724426470e-01 1.7560430886e-01
2.2724899470e-01 1.7560688911e-01
2.2847865490e-01 1.7627615916e-01
2.2869423560e-01 1.7639318220e-01
2.2902384180e-01 1.7657192169e-01
2.2987989790e-01 1.7703513044e-01
2.3083091560e-01 1.7754800400e-01
2.3083556850e-01 1.7755050882e-01
2.3132509180e-01 1.7781379370e-01
2.3171038060e-01 1.7802068012e-01
2.3362290190e-01 1.7904324161e-01
2.3508026480e-01 1.7981753390e-01
2.3524897500e-01 1.7990689476e-01
2.3576867440e-01 1.8018180657e-01
2.3839662870e-01 1.8156367612e-01
2.3911690680e-01 1.8194001168e-01
2.3912393810e-01 1.8194368033e-01
2.4158541240e-01 1.8322190092e-01
2.4172626850e-01 1.8329467962e-01
2.4209904340e-01 1.8348709658e-01
2.4347903370e-01 1.8419699385e-01
2.4446979710e-01 1.8470431541e-01
2.4505878420e-01 1.8500497649e-01
2.4524610070e-01 1.8510045079e-01
2.4529275840e-01 1.8512422108e-01
2.4617544640e-01 1.8557309599e-01
2.4809718390e-01 1.8654497124e-01
2.4891006660e-01 1.8695384535e-01
2.5053990010e-01 1.8776965856e-01
2.5108235930e-01 1.8804000815e-01
2.5146748460e-01 1.8823158879e-01
2.5158298320e-01 1.8828898576e-01
2.5469440710e-01 1.8982516609e-01
2.5490171910e-01 1.8992683270e-01
2.5491465220e-01 1.8993317229e-01
2.5657197360e-01 1.9074279596e-01
2.5843669590e-01 1.9164717011e-01
2.5862570830e-01 1.9173845131e-01
2.6069038670e-01 1.9273090898e-01
2.6083603410e-01 1.9280059741e-01
2.6105867190e-01 1.9290704173e-01
2.6179944750e-01 1.9326049679e-01
2.6284092910e-01 1.9375557509e-01
2.6348621940e-01 1.9406123159e-01
2.6420840720e-01 1.9440232476e-01
2.6443806030e-01 1.9451057256e-01
2.6508793610e-01 1.9481632223e-01
2.6770521270e-01 1.9603913179e-01
2.6789680470e-01 1.9612810673e-01
2.6851585630e-01 1.9641509122e-01
2.6873204420e-01 1.9651513262e-01
2.6928494930e-01 1.9677056538e-01
2.7098495960e-01 1.9755211127e-01
2.7173879730e-01 1.9789682334e-01
2.7217074260e-01 1.9809382947e-01
2.7334750660e-01 1.9862864724e-01
2.7359631440e-01 1.9874137115e-01
2.7406679400e-01 1.9895418643e-01
2.7626815750e-01 1.9994406265e-01
2.7853320410e-01 2.0095245831e-01
2.7952807360e-01 2.0139212967e-01
2.7955731330e-01 2.0140502188e-01
2.8133408370e-01 2.0218521705e-01
2.8143077010e-01 2.0222749174e-01
2.8267401310e-01 2.0276941542e-01
2.8434335150e-01 2.0349220996e-01
2.8562864260e-01 2.0404492113e-01
2.8580887120e-01 2.0412216034e-01
2.8669928550e-01 2.0450280519e-01
2.8676705860e-01 2.0453171270e-01
2.8787158370e-01 2.0500153500e-01
2.8847705850e-01 2.0525804522e-01
2.8870718260e-01 2.0535534532e-01
2.8954118950e-01 2.0570708908e-01
2.9100117430e-01 2.0631949086e-01
2.9143591700e-01 2.0650102328e-01
2.9163632380e-01 2.0658457844e-01
2.9351054940e-01 2.0736210679e-01
2.9661028750e-01 2.0863262485e-01
2.9878779760e-01 2.0951364961e-01
2.9938911740e-01 2.0975527378e-01
2.9950238470e-01 2.0980070626e-01
3.0212529620e-01 2.1084560160e-01
3.0290044920e-01 2.1115176707e-01
3.0322490140e-01 2.1127956057e-01
3.0419192920e-01 2.1165919941e-01
3.0449037600e-01 2.1177598692e-01
3.0450799380e-01 2.1178287551e-01
3.0545126640e-01 2.1215079025e-01
3.0595622360e-01 2.1234701284e-01
3.0610094870e-01 2.1240315790e-01
3.0699873370e-01 2.1275051121e-01
3.0727578070e-01 2.1285737530e-01
3.0734322260e-01 2.1288336612e-01
3.0749752350e-01 2.1294279654e-01
3.0857621330e-01 2.1335693389e-01
3.0857640250e-01 2.1335700632e-01
3.0859948500e-01 2.1336584286e-01
3.0908762260e-01 2.1355246416e-01
3.1112279340e-01 2.1432540083e-01
3.1284159850e-01 2.1497173275e-01
3.1543353200e-01 2.1593521889e-01
3.1912741710e-01 2.1728510876e-01
3.1994494350e-01 2.1758017663e-01
3.2053767710e-01 2.1779327466e-01
3.2278638890e-01 2.1859533604e-01
3.2351952190e-01 2.1885464085e-01
3.2559466770e-01 2.1958278007e-01
3.2605376560e-01 2.1974270754e-01
3.2625241840e-01 2.1981177789e-01
3.2753298980e-01 2.2025513039e-01
3.3003391400e-01 2.2111152961e-01
3.3032926630e-01 2.2121184213e-01
3.3053583270e-01 2.2128189600e-01
3.3450909310e-01 2.2261275973e-01
3.3503172000e-01 2.2278546659e-01
3.3706437330e-01 2.2345198155e-01
3.3728584570e-01 2.2352410399e-01
3.3850443360e-01 2.2391918203e-01
3.3888907760e-01 2.2404327068e-01
3.3908745900e-01 2.2410715415e-01
3.4031651640e-01 2.2450118507e-01
3.4174352480e-01 2.2495488806e-01
3.4204539990e-01 2.2505034431e-01
3.4284382600e-01 2.2530193697e-01
3.4390768740e-01 2.2563518995e-01
3.4644282680e-01 2.2642019456e-01
3.4690878090e-01 2.2656307863e-01
3.4777135730e-01 2.2682644034e-01
3.4901762400e-01 2.2720432214e-01
3.4909616980e-01 2.2722803403e-01
3.4929262540e-01 2.2728728724e-01
3.4932721890e-01 2.2729771304e-01
3.4948886170e-01 2.2734639725e-01
3.5444098090e-01 2.2881257196e-01
3.5469324720e-01 2.2888594759e-01
3.5515525220e-01 2.2901999903e-01
3.5525875410e-01 2.2904997174e-01
3.5562378660e-01 2.2915550900e-01
3.5602408230e-01 2.2927093512e-01
3.5613388940e-01 2.2930254222e-01
3.5774895170e-01 2.2976463926e-01
3.5860536810e-01 2.3000755807e-01
3.5865195490e-01 2.3002073015e-01
3.5873850080e-01 2.3004518884e-01
3.5951541930e-01 2.3026408259e-01
3.6025051890e-01 2.3047008253e-01
3.6144138300e-01 2.3080150966e-01
3.6177327550e-01 2.3089337263e-01
3.6260789350e-01 2.3112340907e-01
3.6322255300e-01 2.3129192999e-01
3.6480731170e-01 2.3172293703e-01
3.6549180180e-01 2.3190754462e-01
3.6623150470e-01 2.3210598967e-01
3.6645772290e-01 2.3216646023e-01
3.6909544750e-01 2.3286399813e-01
3.6911913560e-01 2.3287019933e-01
3.7072783890e-01 2.3328870836e-01
3.7087963120e-01 2.3332793036e-01
3.7312405700e-01 2.3390249509e-01
3.7344147690e-01 2.3398294023e-01
3.7391380350e-01 2.3410227105e-01
3.7442646060e-01 2.3423128620e-01
3.7669617610e-01 2.3479616701e-01
3.7717256370e-01 2.3491342089e-01
3.7765509020e-01 2.3503172305e-01
3.7798017670e-01 2.3511116272e-01
3.7811243760e-01 2.3514342213e-01
3.7915511410e-01 2.3539651355e-01
3.7991253020e-01 2.3557899960e-01
3.8156013520e-01 2.3597199843e-01
3.8348805810e-01 2.3642496739e-01
3.8382588050e-01 2.3650357396e-01
3.8443833600e-01 2.3664550181e-01
3.8444752590e-01 2.3664762573e-01
3.8521930600e-01 2.3682539228e-01
3.8547588290e-01 2.3688422660e-01
3.8738199110e-01 2.3731718407e-01
3.8832509030e-01 2.3752871454e-01
3.9001807900e-01 2.3790397705e-01
3.9095030010e-01 2.3810816295e-01
3.9146562740e-01 2.3822028996e-01
3.9176722880e-01 2.3828566724e-01
3.9206632830e-01 2.3835032251e-01
3.9452094660e-01 2.3887416929e-01
3.9458978310e-01 2.3888868617e-01
3.9500266200e-01 2.3897555901e-01
3.9603513620e-01 2.3919130710e-01
3.9624040000e-01 2.3923394541e-01
3.9699046770e-01 2.3938903626e-01
3.9725826730e-01 2.3944413636e-01
3.9798371750e-01 2.3959267810e-01
3.9897125550e-01 2.3979319278e-01
4.0198691590e-01 2.4039343535e-01
4.0228991600e-01 2.4045273948e-01
4.0245261080e-01 2.4048450686e-01
4.0286692440e-01 2.4056516562e-01
4.0297011850e-01 2.4058520210e-01
4.0335685120e-01 2.4066010179e-01
4.0364143510e-01 2.4071502697e-01
4.0418751970e-01 2.4081996862e-01
4.0423169900e-01 2.4082843252e-01
4.0437806100e-01 2.4085644478e-01
4.0493065050e-01 2.4096181879e-01
4.0674832390e-01 2.4130412490e-01
4.0776401370e-01 2.4149252283e-01
4.1076353730e-01 2.4203685372e-01
4.1089216350e-01 2.4205979347e-01
4.1121352130e-01 2.4211696120e-01
4.1199296650e-01 2.4225476205e-01
4.1224118100e-01 2.4229838969e-01
4.1392173080e-01 2.4259053157e-01
4.1395178160e-01 2.4259570411e-01
4.1491118910e-01 2.4275989426e-01
4.1569407430e-01 2.4289251089e-01
4.1572044520e-01 2.4289695664e-01
4.1762110370e-01 2.4321371744e-01
4.1796327070e-01 2.4326997505e-01
4.1890099290e-01 2.4342295105e-01
4.1942149110e-01 2.4350710390e-01
4.2041217470e-01 2.4366577806e-01
4.2041229840e-01 2.4366579775e-01
4.2183558670e-01 2.4389032449e-01
4.2376952900e-01 2.4418891529e-01
4.2397581840e-01 2.4422032381e-01
4.2441264420e-01 2.4428655164e-01
4.2521000280e-01 2.4440645632e-01
4.2529367050e-01 2.4441896433e-01
4.2556079920e-01 2.4445880538e-01
4.2799568460e-01 2.4481537856e-01
4.2862553240e-01 2.4490568537e-01
4.2941326590e-01 2.4501751297e-01
4.3256767620e-01 2.4545288171e-01
4.3276821990e-01 2.4547988774e-01
4.3312373680e-01 2.4552756542e-01
4.3315830750e-01 2.4553218814e-01
4.3320691210e-01 2.4553868341e-01
4.3325411020e-01 2.4554498619e-01
4.3414877090e-01 2.4566361563e-01
4.3600814840e-01 2.4590504293e-01
4.3625632660e-01 2.4593674410e-01
4.3712687510e-01 2.4604697017e-01
4.3719582040e-01 2.4605563502e-01
4.3867775500e-01 2.4623958227e-01
4.3869327020e-01 2.4624148488e-01
4.3992282530e-01 2.4639073308e-01
4.4047459070e-01 2.4645672565e-01
4.4247692970e-01 2.4669109638e-01
4.4262680010e-01 2.4670831593e-01
4.4361473470e-01 2.4682070186e-01
4.4493320080e-01 2.4696764763e-01
4.4596158470e-01 2.4707984967e-01
4.4626416740e-01 2.4711246029e-01
4.4799161400e-01 2.4729512779e-01
4.5105454920e-01 2.4760434285e-01
4.5374587130e-01 2.4786055558e-01
4.5431048470e-01 2.4791246819e-01
4.5458040830e-01 2.4793706069e-01
4.5583704770e-01 2.4804963364e-01
4.5585064900e-01 2.4805083481e-01
4.5635502150e-01 2.4809511585e-01
4.5689090280e-01 2.4814160574e-01
4.5729392500e-01 2.4817619116e-01
4.5789930620e-01 2.4822753158e-01
4.5936117950e-01 2.4834848627e-01
4.6320567200e-01 2.4864617743e-01
4.6376430030e-01 2.4868697407e-01
4.6393983520e-01 2.4869966451e-01
4.6538816730e-01 2.4880202104e-01
4.6607156060e-01 2.4884886100e-01
4.6832143320e-01 2.4899646841e-01
4.7004877780e-01 2.4910292429e-01
4.7041593980e-01 2.4912478338e-01
4.7132378660e-01 2.4917767479e-01
4.7567268320e-01 2.4940818166e-01
4.7614887320e-01 2.4943112375e-01
4.7667877720e-01 2.4945612057e-01
4.7747435320e-01 2.4949259524e-01
4.7757616410e-01 2.4949717158e-01
4.7846587640e-01 2.4953628152e-01
4.7889963780e-01 2.4955477472e-01
4.7963018490e-01 2.4958507063e-01
4.8142036320e-01 2.4965479710e-01
4.8295331960e-01 2.4970941069e-01
4.8389498250e-01 2.4974062841e-01
4.8466109540e-01 2.4976471801e-01
4.8497624720e-01 2.4977428685e-01
4.8522073990e-01 2.4978157347e-01
4.8655296560e-01 2.4981917727e-01
4.8818859620e-01 2.4986049074e-01
4.8820894600e-01 2.4986097105e-01
4.9030602570e-01 2.4990602686e-01
4.9310060150e-01 2.4995239830e-01
4.9342510650e-01 2.4995677078e-01
4.9374644190e-01 2.4996089301e-01
4.9376104610e-01 2.4996107545e-01
4.9450134870e-01 2.4996976483e-01
4.9634690530e-01 2.4998665490e-01
4.9657424990e-01 2.4998826424e-01
4.9737472900e-01 2.4999310795e-01
4.9737608370e-01 2.4999311506e-01
4.9753299260e-01 2.4999391387e-01
4.9796796710e-01 2.4999587084e-01
4.9817011070e-01 2.4999665151e-01
5.0043832320e-01 2.4999980787e-01
5.0182290510e-01 2.4999667702e-01
5.0314192910e-01 2.4999012828e-01
5.0677736290e-01 2.4995406735e-01
5.0679134580e-01 2.4995387762e-01
5.0989551650e-01 2.4990207875e-01
5.1061274680e-01 2.4988736961e-01
5.1145329470e-01 2.4986882204e-01
5.1146714240e-01 2.4986850465e-01
5.1198167810e-01 2.4985643939e-01
5.1204565090e-01 2.4985490229e-01
5.1205698940e-01 2.4985462901e-01
5.1307685460e-01 2.4982899587e-01
5.1392579950e-01 2.4980607211e-01
5.1463226990e-01 2.4978589668e-01
5.1962353360e-01 2.4961491693e-01
5.2444916840e-01 2.4940223816e-01
5.2508200740e-01 2.4937089290e-01
5.2628341080e-01 2.4930918232e-01
5.2676561190e-01 2.4928360202e-01
5.2743758150e-01 2.4924717912e-01
5.2942540970e-01 2.4913414526e-01
5.2989544680e-01 2.4910626226e-01
5.2997084180e-01 2.4910174864e-01
5.3020250220e-01 2.4908780886e-01
5.3040980370e-01 2.4907524384e-01
5.3090834650e-01 2.4904467412e-01
5.3149052970e-01 2.4900834654e-01
5.3161975710e-01 2.4900019096e-01
5.3244903590e-01 2.4894706007e-01
5.3273858640e-01 2.4892818496e-01
5.3293696150e-01 2.4891515657e-01
5.3328639720e-01 2.4889201576e-01
5.3589805010e-01 2.4871133000e-01
5.3700592910e-01 2.4863056121e-01
5.3748334170e-01 2.4859499910e-01
5.3786042250e-01 2.4856658841e-01
5.3828602370e-01 2.4853418039e-01
5.3962971130e-01 2.4842948598e-01
5.4117210600e-01 2.4830485769e-01
5.4143438080e-01 2.4828319209e-01
5.4277652360e-01 2.4817016903e-01
5.4328976820e-01 2.4812599597e-01
5.4481383810e-01 2.4799171991e-01
5.4556138280e-01 2.4792416040e-01
5.4805561340e-01 2.4769065802e-01
5.4856784720e-01 2.4764116422e-01
5.4868540000e-01 2.4762973183e-01
5.4958146610e-01 2.4754167822e-01
5.5101589620e-01 2.4739737833e-01
5.5227030030e-01 2.4726781571e-01
5.5253116340e-01 2.4724047687e-01
5.5336800030e-01 2.4715185654e-01
5.5419795950e-01 2.4706258119e-01
5.5421404860e-01 2.4706083693e-01
5.5484015480e-01 2.4699255742e-01
5.5568834390e-01 2.4689880835e-01
5.5648558120e-01 2.4680937912e-01
5.5842246490e-01 2.4658681560e-01
5.5878525770e-01 2.4654429348e-01
5.6228162770e-01 2.4612099885e-01
5.6316445720e-01 2.4601025135e-01
5.6375777210e-01 2.4593494650e-01
5.6399095350e-01 2.4590515787e-01
5.6469539520e-01 2.4581450584e-01
5.6588801480e-01 2.4565876951e-01
5.6676978800e-01 2.4554179541e-01
5.6822303020e-01 2.4534561815e-01
5.7004088820e-01 2.4509427398e-01
5.7031972040e-01 2.4505513692e-01
5.7074864880e-01 2.4499462869e-01
5.7291826530e-01 2.4468292659e-01
5.7489990880e-01 2.4439000366e-01
5.7605686420e-01 2.4421535341e-01
5.7658470050e-01 2.4413478365e-01
5.7737618760e-01 2.4401292559e-01
5.7759246710e-01 2.4397940905e-01
5.7849413090e-01 2.4383867141e-01
5.8041916260e-01 2.4353275829e-01
5.8061821970e-01 2.4350070265e-01
5.8129043310e-01 2.4339186549e-01
5.8150871590e-01 2.4335632923e-01
5.8488518960e-01 2.4279450459e-01
5.8525819880e-01 2.4273103954e-01
5.8583800140e-01 2.4263183752e-01
5.8743383860e-01 2.4235532387e-01
5.8819077200e-01 2.4222238773e-01
5.8846781420e-01 2.4217344585e-01
5.8883139040e-01 2.4210898408e-01
5.9087890190e-01 2.4174102519e-01
5.9140597880e-01 2.4164494704e-01
5.9183091390e-01 2.4156708325e-01
5.9294328870e-01 2.4136154509e-01
5.9332850800e-01 2.4128978959e-01
5.9345889110e-01 2.4126543567e-01
5.9361041080e-01 2.4123709099e-01
5.9494230340e-01 2.4098595903e-01
5.9513692400e-01 2.4094896569e-01
5.9756286410e-01 2.4048148755e-01
5.9813801330e-01 2.4036893035e-01
5.9870802840e-01 2.4025672513e-01
5.9960932510e-01 2.4007798235e-01
5.9999990930e-01 2.4000001814e-01
6.0016570240e-01 2.3996683206e-01
6.0017892600e-01 2.3996418279e-01
6.0034341030e-01 2.3993120001e-01
6.0060638830e-01 2.3987835463e-01
6.0177160450e-01 2.3964254052e-01
6.0262808770e-01 2.3946747562e-01
6.0288759950e-01 2.3941414187e-01
6.0291915980e-01 2.3940764655e-01
6.0520437700e-01 2.3893203906e-01
6.0667519520e-01 2.3862040273e-01
6.0894687360e-01 2.3813057873e-01
6.0992735940e-01 2.3791597566e-01
6.1357439730e-01 2.3710085628e-01
6.1398846960e-01 2.3700662880e-01
6.1437569070e-01 2.3691820138e-01
6.1492637820e-01 2.3679192759e-01
6.1563684250e-01 2.3662812066e-01
6.1584797080e-01 2.3657924766e-01
6.1635946420e-01 2.3646047509e-01
6.2133649440e-01 2.3527745513e-01
6.2645857170e-01 2.3400822964e-01
6.2786042040e-01 2.3365171290e-01
6.2822051460e-01 2.3355949964e-01
6.3004136230e-01 2.3308924409e-01
6.3048245180e-01 2.3297432977e-01
6.3099093480e-01 2.3284137500e-01
6.3141800430e-01 2.3272930815e-01
6.3147246120e-01 2.3271499195e-01
6.3182263220e-01 2.3262279364e-01
6.3483623320e-01 2.3181919022e-01
6.3571438350e-01 2.3158160611e-01
6.3674940610e-01 2.3129959993e-01
6.3841910360e-01 2.3084015176e-01
6.3854569670e-01 2.3080508993e-01
6.3971959720e-01 2.3047843416e-01
6.4489805420e-01 2.2900455389e-01
6.4491094700e-01 2.2900081744e-01
6.4673378410e-01 2.2846919660e-01
6.4906900420e-01 2.2777843199e-01
6.5041218500e-01 2.2737617460e-01
6.5082028030e-01 2.2725324305e-01
6.5124371100e-01 2.2712533988e-01
6.5141283160e-01 2.2707415443e-01
6.5262390280e-01 2.2670594429e-01
6.5295433230e-01 2.2660497223e-01
6.5349966900e-01 2.2643785162e-01
6.5460882320e-01 2.2609611179e-01
6.5661398420e-01 2.2547205995e-01
6.5716320740e-01 2.2529972624e-01
6.5766832060e-01 2.2514070068e-01
6.5920897480e-01 2.2465250234e-01
6.5983958790e-01 2.2445130614e-01
6.5995389420e-01 2.2441475173e-01
6.6164746510e-01 2.2387009703e-01
6.6250548920e-01 2.2359196598e-01
6.6322437720e-01 2.2335780269e-01
6.6352613560e-01 2.2325920298e-01
6.6430863600e-01 2.2300267214e-01
6.6482308210e-01 2.2283335161e-01
6.6518177300e-01 2.2271498187e-01
6.6527711160e-01 2.2268347638e-01
6.6946270180e-01 2.2128239270e-01
6.7116770390e-01 2.2070161714e-01
6.7117506360e-01 2.2069909760e-01
6.7139496910e-01 2.2062376457e-01
6.7359599460e-01 2.1986443066e-01
6.7390321860e-01 2.1975767056e-01
6.7490787110e-01 2.1940723663e-01
6.7501697410e-01 2.1936905878e-01
6.7546578670e-01 2.1921175770e-01
6.7567040270e-01 2.1913990962e-01
6.7655225660e-01 2.1882930069e-01
6.7983532100e-01 2.1765925732e-01
6.8088860380e-01 2.1727931302e-01
6.8098051470e-01 2.1724605330e-01
6.8163232550e-01 2.1700969833e-01
6.8202932560e-01 2.1686532462e-01
6.8222869170e-01 2.1679270392e-01
6.8280282500e-01 2.1658312717e-01
6.8303019440e-01 2.1649994794e-01
6.8340703060e-01 2.1636186113e-01
6.8621803100e-01 2.1532284493e-01
6.8651909980e-01 2.1521062541e-01
6.8653191680e-01 2.1520584401e-01
6.8675425570e-01 2.1512284798e-01
6.8691030470e-01 2.1506453800e-01
6.8703392650e-01 2.1501831034e-01
6.8713083330e-01 2.1498205123e-01
6.8755705330e-01 2.1482235176e-01
6.8814175430e-01 2.1460268029e-01
6.8931267770e-01 2.1416071006e-01
6.9065429390e-01 2.1365094022e-01
6.9194861100e-01 2.1315573074e-01
6.9343212240e-01 2.1258401402e-01
6.9425263970e-01 2.1226591197e-01
6.9504273390e-01 2.1195833195e-01
6.9780672460e-01 2.1087249970e-01
6.9821205220e-01 2.1071198236e-01
7.0037262420e-01 2.0985081147e-01
7.0079514230e-01 2.0968131083e-01
7.0218529890e-01 2.0912110491e-01
7.0231826840e-01 2.0906731827e-01
7.0233188890e-01 2.0906180673e-01
7.0324469670e-01 2.0869159326e-01
7.0328287140e-01 2.0867607420e-01
7.0545416490e-01 2.0778858613e-01
7.0665038500e-01 2.0729561838e-01
7.0689216480e-01 2.0719563214e-01
7.0742309760e-01 2.0697565858e-01
7.0776508680e-01 2.0683366871e-01
7.0856350080e-01 2.0650126613e-01
7.0932971850e-01 2.0618106895e-01
7.0940775300e-01 2.0614839298e-01
7.1002716850e-01 2.0588858849e-01
7.1014654370e-01 2.0583843017e-01
7.1044153850e-01 2.0571435887e-01
7.1366825760e-01 2.0434587569e-01
7.1373622870e-01 2.0431682454e-01
7.1393113540e-01 2.0423346931e-01
7.1409831540e-01 2.0416191134e-01
7.1410757320e-01 2.0415794710e-01
7.1496488820e-01 2.0379009684e-01
7.1674333050e-01 2.0302232868e-01
7.1906955220e-01 2.0200853130e-01
7.2204688660e-01 2.0069518015e-01
7.2235689910e-01 2.0055740942e-01
7.2650377070e-01 1.9869604186e-01
7.2656213190e-01 1.9866960039e-01
7.2743175100e-01 1.9827479864e-01
7.2827546370e-01 1.9789031267e-01
7.2942984280e-01 1.9736194723e-01
7.3020195970e-01 1.9700705775e-01
7.3124606730e-01 1.9652525636e-01
7.3354660010e-01 1.9545598558e-01
7.3459439110e-01 1.9496547166e-01
7.3501810240e-01 1.9476649154e-01
7.3724970300e-01 1.9371257843e-01
7.3751628600e-01 1.9358601388e-01
7.3752960820e-01 1.9357968523e-01
7.3781293250e-01 1.9344500914e-01
7.3944556790e-01 1.9266582001e-01
7.4021551360e-01 1.9229650703e-01
7.4069787740e-01 1.9206453182e-01
7.4122920090e-01 1.9180847263e-01
7.4168851330e-01 1.9158666254e-01
7.4223595420e-01 1.9132174249e-01
7.4361294530e-01 1.9065273288e-01
7.4525713190e-01 1.8984893925e-01
7.4563722750e-01 1.8966235247e-01
7.4610727810e-01 1.8943120767e-01
7.4819761440e-01 1.8839794421e-01
7.4961843890e-01 1.8769063496e-01
7.5026167060e-01 1.8736909623e-01
7.5146569530e-01 1.8676500409e-01
7.5153896100e-01 1.8672815110e-01
7.5183561090e-01 1.8657882508e-01
7.5278368660e-01 1.8610040779e-01
7.5565731430e-01 1.8463933764e-01
7.5698175590e-01 1.8396037713e-01
7.5714431340e-01 1.8387680209e-01
7.6098222260e-01 1.8188827949e-01
7.6131188880e-01 1.8171609677e-01
7.6280114010e-01 1.8093556076e-01
7.6377661260e-01 1.8042189865e-01
7.6442458960e-01 1.8007963641e-01
7.6570029150e-01 1.7940335510e-01
7.6616557670e-01 1.7915588578e-01
7.6818753380e-01 1.7807544671e-01
7.6945284520e-01 1.7739516421e-01
7.6970674830e-01 1.7725826992e-01
7.6991891190e-01 1.7714378100e-01
7.7009180330e-01 1.7705041779e-01
7.7160619680e-01 1.7623007386e-01
7.7360298270e-01 1.7514140786e-01
7.7639537630e-01 1.7360559596e-01
7.7703054100e-01 1.7325407935e-01
7.7731705610e-01 1.7309525040e-01
7.7776392630e-01 1.7284720125e-01
7.8041414970e-01 1.7136790465e-01
7.8183698150e-01 1.7056791586e-01
7.8296750390e-01 1.6992939174e-01
7.8400398990e-01 1.6934173372e-01
7.8570065940e-01 1.6837513322e-01
7.8712099870e-01 1.6756153211e-01
7.8765121490e-01 1.6725677857e-01
7.9103229450e-01 1.6530020356e-01
7.9378448540e-01 1.6369067614e-01
7.9409893190e-01 1.6350581826e-01
7.9412629500e-01 1.6348972259e-01
7.9561743540e-01 1.6261033189e-01
7.9589795590e-01 1.6244439969e-01
7.9636413430e-01 1.6216829990e-01
7.9864206410e-01 1.6081291755e-01
7.9878015290e-01 1.6073042023e-01
8.0017728530e-01 1.5989359739e-01
8.0024593730e-01 1.5985237713e-01
8.0303021170e-01 1.5817269080e-01
8.0465162030e-01 1.5718739025e-01
8.0470434750e-01 1.5715526061e-01
8.0503925130e-01 1.5695105517e-01
8.0635502540e-01 1.5614659841e-01
8.0662187520e-01 1.5598302565e-01
8.0691194150e-01 1.5580506016e-01
8.0735172260e-01 1.5553491861e-01
8.0743576580e-01 1.5548324991e-01
8.1015008150e-01 1.5380692695e-01
8.1452186910e-01 1.5107599386e-01
8.1486071250e-01 1.5086273172e-01
8.1538538810e-01 1.5053205697e-01
8.1765298870e-01 1.4909657877e-01
8.1826660710e-01 1.4870636681e-01
8.1914857900e-01 1.4814418452e-01
8.2012666730e-01 1.4751891688e-01
8.2082899490e-01 1.4706875603e-01
8.2113522460e-01 1.4687216752e-01
8.2283408220e-01 1.4577815537e-01
8.2357975740e-01 1.4529614060e-01
8.2364702510e-01 1.4525260314e-01
8.2368881040e-01 1.4522555402e-01
8.2528862930e-01 1.4418730765e-01
8.2589619390e-01 1.4379167080e-01
8.2623471760e-01 1.4357090903e-01
8.2654921890e-01 1.4336560764e-01
8.2683363440e-01 1.4317977542e-01
8.2867524890e-01 1.4197258076e-01
8.2933416830e-01 1.4153900559e-01
8.3022478200e-01 1.4095159335e-01
8.3042953670e-01 1.4081632128e-01
8.3056653380e-01 1.4072576673e-01
8.3253879100e-01 1.3941795248e-01
8.3267187910e-01 1.3932942086e-01
8.3427943610e-01 1.3825725860e-01
8.3466672810e-01 1.3799818110e-01
8.3575289810e-01 1.3726999142e-01
8.3598179380e-01 1.3711623423e-01
8.3610017080e-01 1.3703667519e-01
8.3653770680e-01 1.3674237190e-01
8.3673204490e-01 1.3661152994e-01
8.3686363850e-01 1.3652288906e-01
8.3764262680e-01 1.3599745657e-01
8.3793805500e-01 1.3579787098e-01
8.4126847780e-01 1.3353582606e-01
8.4304292820e-01 1.3232154941e-01
8.4476966670e-01 1.3113387692e-01
8.4670334650e-01 1.2979678953e-01
8.4878355050e-01 1.2835003490e-01
8.4980880920e-01 1.2763379701e-01
8.5332469430e-01 1.2516166040e-01
8.5348580070e-01 1.2504778870e-01
8.5405061530e-01 1.2464816181e-01
8.5559549180e-01 1.2355184621e-01
8.5717007100e-01 1.2242954038e-01
8.5782276300e-01 1.2196287028e-01
8.5954754620e-01 1.2072556202e-01
8.6026446780e-01 1.2020951324e-01
8.6146816540e-01 1.1934076540e-01
8.6172396290e-01 1.1915577466e-01
8.6175108940e-01 1.1913614932e-01
8.6560650530e-01 1.1633188328e-01
8.6759891810e-01 1.1487103541e-01
8.6807823120e-01 1.1451841572e-01
8.6823787880e-01 1.1440086462e-01
8.6869875440e-01 1.1406122850e-01
8.7037318670e-01 1.1282370257e-01
8.7053766750e-01 1.1270183696e-01
8.7064818480e-01 1.1261992310e-01
8.7074882380e-01 1.1254530965e-01
8.7182869500e-01 1.1174342157e-01
8.7241080830e-01 1.1131018986e-01
8.7485162710e-01 1.0948625766e-01
8.7614592270e-01 1.0851424484e-01
8.7706477730e-01 1.0782215372e-01
8.7799643250e-01 1.0711869702e-01
8.7852384870e-01 1.0671969597e-01
8.8056645970e-01 1.0516916975e-01
8.8335703550e-01 1.0303738333e-01
8.8721187270e-01 1.0006696564e-01
8.8922670650e-01 9.8502570947e-02
8.8924063000e-01 9.8491731957e-02
8.9070554540e-01 9.7349176794e-02
8.9264754620e-01 9.5827904463e-02
8.9359914640e-01 9.5079711953e-02
8.9440514960e-01 9.4444577969e-02
8.9821919610e-01 9.1421471857e-02
8.9857262990e-01 9.1139858695e-02
8.9935203050e-01 9.0517955736e-02
9.0071690420e-01 8.9425962688e-02
9.0230730300e-01 8.8148833953e-02
9.0253770860e-01 8.7963393155e-02
9.0352135420e-01 8.7170516705e-02
9.0606294810e-01 8.5112882180e-02
9.0639538820e-01 8.4842788450e-02
9.0707963870e-01 8.4286167756e-02
9.0729780650e-01 8.4108496820e-02
9.0867053720e-01 8.2988392025e-02
9.1000908690e-01 8.1892548659e-02
9.1135768940e-01 8.0784851371e-02
9.1213819090e-01 8.0142111602e-02
9.1314861270e-01 7.9308223824e-02
9.1390816240e-01 7.8680033099e-02
9.1630211190e-01 7.6692551628e-02
9.1881598070e-01 7.4593174310e-02
9.1883936500e-01 7.4573586326e-02
9.1944193400e-01 7.4068464002e-02
9.1988555660e-01 7.3696119359e-02
9.2006661780e-01 7.3544036610e-02
9.2040343790e-01 7.3260949402e-02
9.2345240490e-01 7.0688060784e-02
9.2404094600e-01 7.0189276115e-02
9.2416688180e-01 7.0082456384e-02
9.2548684170e-01 6.8960947540e-02
9.2606721530e-01 6.8466728047e-02
9.2664524450e-01 6.7973835346e-02
9.2667584680e-01 6.7947721758e-02
9.2862760450e-01 6.6278376661e-02
9.2983377650e-01 6.5242924580e-02
9.2999226870e-01 6.5106648858e-02
9.3164131030e-01 6.3685779242e-02
9.3341754480e-01 6.2149231860e-02
9.3519734010e-01 6.0603275170e-02
9.3543218500e-01 6.0398812266e-02
9.3584359320e-01 6.0040362267e-02
9.3713691040e-01 5.8911321566e-02
9.3771896710e-01 5.8402105841e-02
9.3814006830e-01 5.8033280550e-02
9.3917172350e-01 5.7128197278e-02
9.3958935790e-01 5.6761196421e-02
9.4037750030e-01 5.6067657230e-02
9.4296259140e-01 5.3784142620e-02
9.4401183870e-01 5.2853487094e-02
9.4403354680e-01 5.2834209316e-02
9.4423000110e-01 5.2659706123e-02
9.4453596380e-01 5.2387776888e-02
9.4550351030e-01 5.1526622310e-02
9.4611821490e-01 5.0978538334e-02
9.4629721870e-01 5.0818792581e-02
9.4699409990e-01 5.0196274655e-02
9.4788667780e-01 4.9397523849e-02
9.4920166350e-01 4.8217865509e-02
9.4955743130e-01 4.7898115963e-02
9.5084111230e-01 4.6742291460e-02
9.5156730560e-01 4.6086968513e-02
9.5283073300e-01 4.4944327251e-02
9.5284401720e-01 4.4932296086e-02
9.5648199710e-01 4.1624186324e-02
9.5721981310e-01 4.0950042509e-02
9.5795896610e-01 4.0273585369e-02
9.6035394590e-01 3.8074244494e-02
9.6050611870e-01 3.7934114640e-02
9.6534526660e-01 3.3453782853e-02
9.6649753530e-01 3.2380049559e-02
9.6677668550e-01 3.2119525874e-02
9.6709366500e-01 3.1823508117e-02
9.6770275700e-01 3.1254131095e-02
9.6793218000e-01 3.1039474920e-02
9.6860099230e-01 3.0413110015e-02
9.6872586470e-01 3.0296063761e-02
9.6985942910e-01 2.9232116886e-02
9.7077377960e-01 2.8372048441e-02
9.7084449920e-01 2.8305457573e-02
9.7187823220e-01 2.7330933976e-02
9.7229220320e-01 2.6940074796e-02
9.7403622000e-01 2.5289662128e-02
9.7767462460e-01 2.1826953013e-02
9.8022123310e-01 1.9387567280e-02
9.8158425080e-01 1.8076609381e-02
9.8165945860e-01 1.8004165941e-02
9.8555312970e-01 1.4238158239e-02
9.8792594180e-01 1.1928275319e-02
9.8818828620e-01 1.1672197217e-02
9.8921926400e-01 1.0664511731e-02
9.8952970370e-01 1.0360669195e-02
9.8997577960e-01 9.9237354054e-03
9.9014827400e-01 9.7546694948e-03
9.9077921380e-01 9.1357633019e-03
9.9340143420e-01 6.5550247294e-03
9.9390262480e-01 6.0601972157e-03
9.9407693450e-01 5.8879827951e-03
9.9760514960e-01 2.3891150916e-03
9.9841172900e-01 1.5857483952e-03
9.9956434680e-01 0.0000000000e+00
