1
7.97763
26.9298
10.6151
6.05293
3.75451
2.75776
2.23587
1.4941
1.50164
1.02922
0.871441
0.812786
0.648745
0.618435
0.572968
0.464303
0.479102
0.412933
0.389208
0.351351
0.325764
0.297767
0.272156
0.248578
0.248798
0.207166
0.216659
0.184463
0.178543
0.172376
0.150375
0.153795
0.139859
0.129552
0.126932
0.114197
0.106641
0.10119
0.0925045
0.0894494
0.0813711
0.0787972
0.0728888
0.0676953
0.0622515
0.0591097
0.0514924
0.0512356
0.0454839
0.042732
0.0385101
0.0363565
0.0323485
0.0309905
0.0280888
0.0264678
0.0244174
0.0223226
0.0206848
0.0191811
0.0180776
0.0170161
0.0155954
0.0140589
0.0132901
0.0123625
0.0116116
0.0108085
0.00972819
0.00918131
0.00885797
0.00939661
0.0103092
0.0123159
0.0126284
0.0114932
0.00763398
0.00512238
0.00461818
0.00605924
0.00591174
0.00492639
0.00452152
0.00464812
0.00421283
0.00378894
0.00378918
0.00359564
0.00317571
0.00293642
0.00282573
0.00258278
0.00244172
0.00230046
0.00204874
0.00198199
0.00187897
0.00171611
0.00166262
0.00158403
0.00146767
0.00136149
0.00127088
0.00119979
0.00110676
0.00101128
0.000936889
0.000794853
0.00073873
0.000728262
0.000676357
0.00060671
0.000532338
0.000464471
0.000434859
0.000398142
0.000365862
0.000322835
0.000297804
0.000270533
0.000255115
0.000240682
0.000215457
0.000197597
0.000185294
0.000170701
0.00016332
0.000144169
0.000135818
0.000126861
0.000122139
0.000109359
0.000102634
9.61307e-05
8.43355e-05
7.63189e-05
6.75921e-05
6.06056e-05
5.40276e-05
4.70596e-05
4.1786e-05
3.58355e-05
3.02798e-05
2.63916e-05
2.4665e-05
2.36763e-05
2.32974e-05
2.37571e-05
2.3885e-05
2.22161e-05
1.85022e-05
1.45845e-05
1.23937e-05
1.18104e-05
1.15749e-05
1.06244e-05
9.34443e-06
8.48132e-06
8.06861e-06
7.70356e-06
7.02906e-06
6.27455e-06
6.02649e-06
5.90071e-06
5.50358e-06
5.13794e-06
5.20701e-06
5.18117e-06
4.95481e-06
5.00692e-06
5.0256e-06
4.83799e-06
4.81507e-06
4.78639e-06
4.66573e-06
4.45702e-06
4.27638e-06
4.13353e-06
3.81554e-06
3.52129e-06
3.38729e-06
3.10793e-06
2.78347e-06
2.53251e-06
2.20286e-06
1.93951e-06
1.75862e-06
1.53024e-06
1.30738e-06
1.112e-06
9.70387e-07
8.72321e-07
7.51931e-07
6.58514e-07
5.72173e-07
4.7451e-07
4.0589e-07
3.49418e-07
3.03239e-07
2.79084e-07
2.47008e-07
2.19291e-07
2.05064e-07
1.83412e-07
1.72203e-07
1.608e-07
1.48301e-07
1.46027e-07
1.35589e-07
1.26045e-07
1.17504e-07
1.00704e-07
8.86389e-08
