1
7.71792
12.5533
4.28713
2.44956
1.32601
0.956876
0.775662
0.535297
0.51754
0.382875
0.348307
0.280557
0.231765
0.215767
0.174848
0.166752
0.137513
0.126987
0.110776
0.0983271
0.0874325
0.076001
0.0649125
0.0609285
0.0490164
0.0466925
0.0383667
0.0329191
0.029365
0.0241366
0.0213001
0.017326
0.0143713
0.0130856
0.0109536
0.0101132
0.0092406
0.0100016
0.0116312
0.010724
0.00771822
0.00478975
0.0041925
0.00451111
0.00366924
0.00288682
0.00296058
0.00221972
0.00201426
0.00181651
0.00151675
0.00133841
0.00126216
0.0010321
0.000952366
0.000754299
0.000686674
0.000588835
0.000479487
0.000424456
0.000358723
0.000285488
0.00024701
0.00019474
0.000161087
0.000131524
0.000107501
9.16005e-05
7.24765e-05
6.63454e-05
5.61025e-05
4.82529e-05
3.91117e-05
3.17757e-05
2.49765e-05
2.07734e-05
2.03093e-05
2.2601e-05
2.079e-05
1.56265e-05
1.19379e-05
1.23964e-05
1.36768e-05
1.12275e-05
8.60147e-06
8.4283e-06
9.03132e-06
7.91368e-06
7.01266e-06
6.26747e-06
5.36757e-06
4.38651e-06
3.88224e-06
3.08367e-06
2.39098e-06
1.92666e-06
1.43066e-06
9.97107e-07
7.70525e-07
5.77769e-07
4.10764e-07
3.28326e-07
2.66148e-07
2.19185e-07
1.82018e-07
1.51877e-07
1.36984e-07
1.17874e-07
9.37706e-08
