1
7.07859
3.58934
1.29277
0.784425
0.496179
0.3596
0.28532
0.189739
0.16097
0.114854
0.0909416
0.0738103
0.0498326
0.0425308
0.027241
0.0201211
0.0121401
0.00819332
0.0063198
0.00566249
0.00599616
0.00388048
0.00193658
0.00215408
0.00187445
0.00122454
0.00118325
0.000814819
0.000601563
0.000489832
0.000335686
0.000276156
0.000168735
0.00011893
7.77761e-05
5.83223e-05
4.35439e-05
2.82577e-05
1.98821e-05
1.35102e-05
1.01608e-05
7.36037e-06
5.59998e-06
6.0425e-06
5.4935e-06
4.64697e-06
3.37775e-06
2.03753e-06
1.14346e-06
7.78042e-07
4.45094e-07
2.70084e-07
2.19405e-07
1.7924e-07
1.55202e-07
1.07353e-07
5.79057e-08
